0   0   0   BL  BL  BL  BL  BL  BL  BL  1047 1040 1034 1029 1030 1032 1034 1027 1021 1016 1013 1011 1010 1010 1011 1013 1016 1027 0   0   0   0   
0   0   0   BL  BL  BL  BL  BL  BL  BL  1019 1012 1006 1001 1003 1006 1012 1005 999 994 992 991 991 992 994 997 1009 1020 1030 0   0   0   
0   0   0   BL  BL  BL  BL  BL  BL  BL  992 985 979 974 977 1001 1007 984 978 973 972 972 973 975 978 991 1003 1014 1024 0   0   0   
0   0   0   0   BL  BL  BL  BL  BL  BL  966 959 953 948 BL  BL  BL  BL  958 953 953 954 956 959 973 986 998 1009 1019 0   0   0   
1062 1053 1045 1038 1032 1027 1001 968 958 949 941 934 928 923 BL  BL  BL  BL  BL  934 935 937 940 956 971 985 998 1010 1021 0   0   0   
1028 1019 1011 1004 998 993 995 965 932 923 915 908 902 897 BL  BL  BL  BL  BL  914 916 919 937 954 970 985 999 1012 1024 0   0   0   
993 984 976 969 963 958 961 963 929 896 888 881 875 870 BL  BL  BL  BL  BL  893 896 916 935 953 970 986 1001 1015 1028 0   0   0   
960 948 940 933 927 922 BL  BL  BL  BL  860 853 847 842 BL  BL  BL  BL  BL  871 893 914 934 953 971 988 1004 1019 1033 0   0   0   
926 914 903 896 890 885 BL  BL  BL  BL  831 824 818 813 813 814 816 819 844 868 891 913 934 954 973 991 1008 1024 0   0   0   0   
891 879 868 858 852 847 BL  BL  BL  BL  800 794 788 783 784 786 789 816 842 867 891 914 936 BL  BL  996 1013 1029 0   0   0   0   
868 843 832 822 813 808 BL  BL  BL  BL  768 762 757 752 754 757 786 814 841 867 892 916 BL  BL  BL  BL  BL  1035 0   0   0   0   
826 819 795 785 776 768 BL  BL  BL  BL  734 729 724 720 723 754 784 813 841 868 894 919 BL  BL  BL  BL  BL  0   0   0   0   0   
783 776 770 747 738 730 723 716 710 704 699 694 690 687 BL  BL  BL  BL  BL  BL  BL  BL  BL  BL  BL  BL  BL  0   0   0   0   0   
739 732 726 721 699 691 684 678 672 667 662 658 655 653 BL  BL  BL  BL  BL  BL  BL  BL  BL  BL  BL  BL  BL  BL  BL  BL  BL  BL  
694 687 681 676 677 651 644 638 633 628 624 621 619 618 BL  BL  BL  BL  BL  BL  BL  BL  BL  BL  BL  BL  BL  BL  BL  BL  BL  BL  
648 641 635 630 632 635 603 597 592 588 585 583 582 582 BL  BL  BL  BL  BL  BL  BL  BL  BL  BL  BL  BL  BL  BL  BL  BL  BL  BL  
601 594 588 583 586 632 600 555 550 547 545 544 544 545 BL  BL  BL  BL  BL  BL  BL  BL  BL  BL  BL  BL  BL  BL  BL  BL  BL  BL  
553 546 540 535 BL  BL  BL  BL  507 505 504 504 505 507 510 547 583 618 652 685 BL  BL  BL  BL  BL  BL  BL  BL  BL  BL  BL  BL  
504 497 491 486 BL  BL  BL  BL  463 462 462 463 465 468 507 545 582 618 653 687 720 752 783 813 842 870 897 923 948 974 1001 1029 
454 447 441 436 BL  BL  BL  BL  418 418 419 421 424 465 505 544 582 619 655 690 724 757 788 818 847 875 902 928 953 979 1006 1034 
404 396 390 385 BL  BL  BL  BL  372 373 375 378 421 463 504 544 583 621 658 694 729 762 794 824 853 881 908 934 959 985 1012 1040 
353 345 338 333 BL  BL  BL  BL  325 327 330 375 419 BL  BL  BL  BL  BL  BL  BL  BL  768 800 831 860 888 915 941 966 992 1019 1047 
301 293 286 280 BL  BL  BL  BL  277 280 327 373 418 BL  BL  BL  BL  BL  BL  BL  BL  804 807 838 868 896 923 949 974 1000 1027 1055 
248 240 233 227 222 222 223 225 228 277 325 372 418 BL  BL  BL  BL  BL  BL  BL  BL  841 843 846 876 905 932 958 983 1009 1036 0   
245 186 179 173 168 169 171 174 225 275 324 372 419 BL  BL  BL  BL  BL  BL  BL  BL  825 862 882 885 914 942 968 993 1019 1046 0   
243 183 124 118 113 115 118 171 223 274 324 373 421 BL  BL  BL  BL  BL  BL  BL  783 822 860 897 921 924 952 979 1004 1030 1057 0   
242 181 121 62  57  60  115 169 222 274 325 375 424 472 519 565 610 654 697 739 780 820 859 897 BL  BL  BL  BL  BL  BL  BL  BL  
242 180 119 59  0   57  113 168 222 275 327 378 428 477 524 570 615 659 702 744 785 825 864 902 BL  BL  BL  BL  BL  BL  BL  BL  
247 185 124 64  59  62  118 173 227 280 332 383 433 482 530 576 621 665 708 750 791 831 870 908 BL  BL  BL  BL  BL  BL  BL  BL  
253 191 130 124 119 121 124 179 233 286 338 389 439 488 536 583 628 672 715 757 798 838 877 915 BL  BL  BL  BL  BL  BL  BL  BL  
260 198 191 185 180 181 183 186 240 293 345 396 446 495 543 590 636 680 723 765 806 846 885 923 BL  BL  BL  BL  BL  BL  BL  BL  
268 260 253 247 242 242 243 245 248 301 353 404 454 503 551 598 644 689 732 774 815 855 894 932 BL  BL  BL  BL  BL  BL  BL  BL  
